xof 0303txt 0032
template Frame {
 <3d82ab46-62da-11cf-ab39-0020af71e433>
 [...]
}

template Matrix4x4 {
 <f6f23f45-7686-11cf-8f52-0040333594a3>
 array FLOAT matrix[16];
}

template FrameTransformMatrix {
 <f6f23f41-7686-11cf-8f52-0040333594a3>
 Matrix4x4 frameMatrix;
}

template Vector {
 <3d82ab5e-62da-11cf-ab39-0020af71e433>
 FLOAT x;
 FLOAT y;
 FLOAT z;
}

template MeshFace {
 <3d82ab5f-62da-11cf-ab39-0020af71e433>
 DWORD nFaceVertexIndices;
 array DWORD faceVertexIndices[nFaceVertexIndices];
}

template Mesh {
 <3d82ab44-62da-11cf-ab39-0020af71e433>
 DWORD nVertices;
 array Vector vertices[nVertices];
 DWORD nFaces;
 array MeshFace faces[nFaces];
 [...]
}

template MeshNormals {
 <f6f23f43-7686-11cf-8f52-0040333594a3>
 DWORD nNormals;
 array Vector normals[nNormals];
 DWORD nFaceNormals;
 array MeshFace faceNormals[nFaceNormals];
}

template ColorRGBA {
 <35ff44e0-6c7c-11cf-8f52-0040333594a3>
 FLOAT red;
 FLOAT green;
 FLOAT blue;
 FLOAT alpha;
}

template ColorRGB {
 <d3e16e81-7835-11cf-8f52-0040333594a3>
 FLOAT red;
 FLOAT green;
 FLOAT blue;
}

template Material {
 <3d82ab4d-62da-11cf-ab39-0020af71e433>
 ColorRGBA faceColor;
 FLOAT power;
 ColorRGB specularColor;
 ColorRGB emissiveColor;
 [...]
}

template MeshMaterialList {
 <f6f23f42-7686-11cf-8f52-0040333594a3>
 DWORD nMaterials;
 DWORD nFaceIndexes;
 array DWORD faceIndexes[nFaceIndexes];
 [Material <3d82ab4d-62da-11cf-ab39-0020af71e433>]
}

template TextureFilename {
 <a42790e1-7810-11cf-8f52-0040333594a3>
 STRING filename;
}

template Coords2d {
 <f6f23f44-7686-11cf-8f52-0040333594a3>
 FLOAT u;
 FLOAT v;
}

template MeshTextureCoords {
 <f6f23f40-7686-11cf-8f52-0040333594a3>
 DWORD nTextureCoords;
 array Coords2d textureCoords[nTextureCoords];
}

template Animation {
 <3d82ab4f-62da-11cf-ab39-0020af71e433>
 [...]
}

template AnimationSet {
 <3d82ab50-62da-11cf-ab39-0020af71e433>
 [Animation <3d82ab4f-62da-11cf-ab39-0020af71e433>]
}

template FloatKeys {
 <10dd46a9-775b-11cf-8f52-0040333594a3>
 DWORD nValues;
 array FLOAT values[nValues];
}

template TimedFloatKeys {
 <f406b180-7b3b-11cf-8f52-0040333594a3>
 DWORD time;
 FloatKeys tfkeys;
}

template AnimationKey {
 <10dd46a8-775b-11cf-8f52-0040333594a3>
 DWORD keyType;
 DWORD nKeys;
 array TimedFloatKeys keys[nKeys];
}


Frame Horse {
 

 FrameTransformMatrix {
  0.000000,1.000000,0.000000,0.000000,1.000000,0.000000,0.000000,0.000000,0.000000,0.000000,-1.000000,0.000000,0.900375,0.000000,3.301407,1.000000;;
 }
}

Frame HorsePelvis {
 

 FrameTransformMatrix {
  -0.123922,-0.051479,-0.990956,0.000000,0.985151,0.113206,-0.129077,0.000000,0.118827,-0.992237,0.036686,0.000000,1.678125,41.858063,14.246570,1.000000;;
 }

 Frame HorseLFemur {
  

  FrameTransformMatrix {
   0.642744,-0.020780,0.765799,0.000000,0.299806,-0.913080,-0.276408,0.000000,0.704980,0.407250,-0.580647,0.000000,-9.650497,4.893095,4.501137,1.000000;;
  }

  Frame HorseLTibia {
   

   FrameTransformMatrix {
    0.932771,0.013178,-0.360229,0.000000,-0.009979,0.999893,0.010739,0.000000,0.360332,-0.006422,0.932802,0.000000,11.539150,-0.000000,0.000009,1.000000;;
   }

   Frame HorseLLargeCannon {
    

    FrameTransformMatrix {
     0.911330,-0.038476,-0.409876,0.000000,0.016051,0.998187,-0.058011,0.000000,0.411365,0.046289,0.910295,0.000000,10.551407,0.000001,0.000007,1.000000;;
    }

    Frame HorseLPhalanxPrima {
     

     FrameTransformMatrix {
      0.462952,-0.000000,0.886384,0.000000,-0.000000,1.000000,0.000000,0.000000,-0.886384,-0.000000,0.462952,0.000000,11.835529,0.000000,0.000001,1.000000;;
     }

     Frame HorseLRearHoof {
      

      FrameTransformMatrix {
       -0.531230,-0.183467,-0.827122,0.000000,-0.034199,0.980119,-0.195439,0.000000,0.846536,-0.075537,-0.526944,0.000000,3.949079,-0.024961,0.273168,1.000000;;
      }
     }
    }
   }
  }
 }

 Frame HorseRFemur {
  

  FrameTransformMatrix {
   0.489783,-0.095720,0.866574,0.000000,0.188892,-0.958696,-0.212656,0.000000,0.851135,0.267844,-0.451472,0.000000,-9.650497,-4.893095,4.501137,1.000000;;
  }

  Frame HorseRTibia {
   

   FrameTransformMatrix {
    1.000000,-0.000013,-0.000009,0.000000,0.000013,0.999888,-0.014953,0.000000,0.000009,0.014953,0.999889,0.000000,11.539143,0.000001,0.000006,1.000000;;
   }

   Frame HorseRLargeCannon {
    

    FrameTransformMatrix {
     1.000000,0.000022,0.000002,0.000000,-0.000022,0.997954,0.063932,0.000000,-0.000001,-0.063932,0.997955,0.000000,10.551392,-0.000002,0.000006,1.000000;;
    }

    Frame HorseRPhalanxPrima {
     

     FrameTransformMatrix {
      1.000000,0.000000,0.000035,0.000000,-0.000000,1.000000,-0.000000,0.000000,-0.000034,0.000000,1.000000,0.000000,11.835527,0.000000,0.000000,1.000000;;
     }

     Frame HorseRRearHoof {
      

      FrameTransformMatrix {
       0.844120,-0.125474,-0.521264,0.000000,0.052025,0.986811,-0.153287,0.000000,0.533623,0.102274,0.839514,0.000000,3.949080,0.024961,0.273168,1.000000;;
      }
     }
    }
   }
  }
 }

 Frame HorseSpine1 {
  

  FrameTransformMatrix {
   0.999887,-0.015004,0.000693,0.000000,0.015002,0.999886,0.001961,0.000000,-0.000723,-0.001950,0.999998,0.000000,0.000000,0.000000,0.000000,1.000000;;
  }

  Frame HorseSpine2 {
   

   FrameTransformMatrix {
    0.999656,-0.026221,0.000446,0.000000,0.026208,0.999491,0.018191,0.000000,-0.000922,-0.018174,0.999834,0.000000,4.568386,-0.000000,0.000004,1.000000;;
   }

   Frame HorseSpine3 {
    

    FrameTransformMatrix {
     0.999894,-0.014585,0.000025,0.000000,0.014569,0.998885,0.044906,0.000000,-0.000680,-0.044900,0.998991,0.000000,4.568385,0.000000,0.000000,1.000000;;
    }

    Frame HorseSpine4 {
     

     FrameTransformMatrix {
      0.998891,0.046996,-0.002738,0.000000,-0.046672,0.996248,0.072883,0.000000,0.006153,-0.072675,0.997337,0.000000,4.568385,-0.000000,-0.000004,1.000000;;
     }

     Frame HorseSpine5 {
      

      FrameTransformMatrix {
       0.991757,0.126983,-0.017145,0.000000,-0.125583,0.989835,0.066747,0.000000,0.025447,-0.064043,0.997622,0.000000,4.568385,0.000000,0.000000,1.000000;;
      }

      Frame HorseSpine6 {
       

       FrameTransformMatrix {
        0.994644,0.101062,-0.021699,0.000000,-0.100374,0.994474,0.030761,0.000000,0.024688,-0.028418,0.999291,0.000000,4.568386,0.000000,0.000000,1.000000;;
       }

       Frame HorseRibcage {
        

        FrameTransformMatrix {
         0.999530,0.029540,-0.008149,0.000000,-0.029513,0.999558,0.003417,0.000000,0.008247,-0.003175,0.999960,0.000000,4.568385,0.000000,0.000000,1.000000;;
        }

        Frame HorseFrontRLegScapula {
         

         FrameTransformMatrix {
          0.631055,-0.173791,0.756020,0.000000,0.111899,-0.943996,-0.310405,0.000000,0.767625,0.280480,-0.576266,0.000000,-0.920724,-3.028611,-0.134789,1.000000;;
         }

         Frame HorseFrontRLegHumerus {
          

          FrameTransformMatrix {
           0.348964,-0.498847,-0.793331,0.000000,0.201415,0.866691,-0.456377,0.000000,0.915236,-0.000529,0.402919,0.000000,7.391773,0.000000,0.000000,1.000000;;
          }

          Frame HorseFrontRLegRadius {
           

           FrameTransformMatrix {
            1.000000,0.000000,0.000001,0.000000,-0.000000,0.999968,-0.008040,0.000000,-0.000001,0.008040,0.999968,0.000000,8.480213,0.000000,-0.000001,1.000000;;
           }

           Frame HorseFrontRLeg3 {
            

            FrameTransformMatrix {
             1.000001,-0.000000,0.000005,0.000000,-0.000000,1.000000,-0.000001,0.000000,-0.000005,0.000001,1.000000,0.000000,10.336737,0.000001,0.000000,1.000000;;
            }

            Frame HorseFrontRLegPhalangesManus {
             

             FrameTransformMatrix {
              0.999973,0.001714,0.007142,0.000000,-0.001751,0.999985,0.005234,0.000000,-0.007133,-0.005247,0.999960,0.000000,12.365068,0.000000,0.000000,1.000000;;
             }

             Frame HorseFrontRLegFrontHoof {
              

              FrameTransformMatrix {
               0.934326,0.011552,-0.356233,0.000000,-0.025518,0.999078,-0.034532,0.000000,0.355505,0.041355,0.933760,0.000000,3.818356,0.033823,-0.356956,1.000000;;
              }
             }
            }
           }
          }
         }
        }

        Frame HorseNeck1 {
         

         FrameTransformMatrix {
          0.984963,0.014732,-0.172134,0.000000,-0.016142,0.999847,-0.006791,0.000000,0.172007,0.009467,0.985050,0.000000,0.000000,0.000000,0.000000,1.000000;;
         }

         Frame HorseNeck2 {
          

          FrameTransformMatrix {
           0.960918,0.002595,-0.276820,0.000000,-0.017675,0.998491,-0.051994,0.000000,0.276268,0.054854,0.959514,0.000000,4.419806,0.000000,0.000000,1.000000;;
          }

          Frame HorseNeck3 {
           

           FrameTransformMatrix {
            0.995927,-0.034684,-0.083231,0.000000,0.028931,0.997173,-0.069354,0.000000,0.085401,0.066664,0.994114,0.000000,4.317894,0.000000,0.000000,1.000000;;
           }

           Frame HorseNeck4 {
            

            FrameTransformMatrix {
             0.996774,-0.027098,0.075553,0.000000,0.032611,0.996819,-0.072717,0.000000,-0.073342,0.074947,0.994487,0.000000,3.925522,0.000000,0.000000,1.000000;;
            }

            Frame HorseNeck5 {
             

             FrameTransformMatrix {
              0.667260,-0.071994,0.741337,0.000000,0.125544,0.991948,-0.016667,0.000000,-0.734168,0.104192,0.670926,0.000000,4.679947,-0.000000,0.000000,1.000000;;
             }

             Frame HorseNeck6 {
              

              FrameTransformMatrix {
               0.983452,-0.117662,0.137761,0.000000,0.125083,0.991057,-0.046480,0.000000,-0.131060,0.062942,0.989374,0.000000,4.166983,0.000001,0.000000,1.000000;;
              }

              Frame HorseScull {
               

               FrameTransformMatrix {
                0.976353,-0.078194,0.201551,0.000000,0.079924,0.996801,-0.000450,0.000000,-0.200871,0.016548,0.979479,0.000000,4.104618,0.000000,0.000000,1.000000;;
               }

               Frame HorseJaw {
                

                FrameTransformMatrix {
                 1.000000,0.000000,-0.000000,0.000000,-0.000000,1.000000,0.000000,0.000000,0.000000,-0.000000,1.000000,0.000000,-1.287613,0.000000,2.420937,1.000000;;
                }
               }
              }
             }
            }
           }
          }
         }
        }

        Frame Object01 {
         

         FrameTransformMatrix {
          0.593221,0.360492,0.719816,0.000000,-0.021554,-0.886704,0.461835,0.000000,0.804751,-0.289485,-0.518241,0.000000,-0.920056,3.004447,-0.135063,1.000000;;
         }

         Frame HorseLLeg1 {
          

          FrameTransformMatrix {
           0.938722,0.342760,0.036266,0.000000,-0.344333,0.937267,0.054456,0.000000,-0.015325,-0.063607,0.997857,0.000000,7.331709,0.000000,0.000000,1.000000;;
          }

          Frame HorseLLeg2 {
           

           FrameTransformMatrix {
            0.999498,0.018754,-0.025551,0.000000,-0.020668,0.996827,-0.076868,0.000000,0.024029,0.077358,0.996714,0.000000,8.661841,-0.000001,0.000000,1.000000;;
           }

           Frame HorseLLeg3 {
            

            FrameTransformMatrix {
             0.627229,0.015457,-0.778683,0.000000,0.018398,0.999231,0.034654,0.000000,0.778619,-0.036062,0.626461,0.000000,10.025680,0.000000,0.000002,1.000000;;
            }

            Frame HorseLLegAnkle {
             

             FrameTransformMatrix {
              0.945432,0.000000,-0.325820,0.000000,0.000000,1.000000,-0.000000,0.000000,0.325820,0.000000,0.945432,0.000000,12.145425,0.000000,-0.000002,1.000000;;
             }

             Frame HorseAnkleBone01 {
              

              FrameTransformMatrix {
               0.952138,0.000023,-0.305670,0.000000,0.000023,1.000000,0.000148,0.000000,0.305670,-0.000148,0.952138,0.000000,3.775145,-0.001828,-0.630243,1.000000;;
              }
             }
            }
           }
          }
         }
        }
       }
      }
     }
    }
   }
  }
 }

 Frame HorseTail1 {
  

  FrameTransformMatrix {
   -0.999970,-0.003836,-0.006666,0.000000,-0.003827,0.999992,-0.001424,0.000000,0.006672,-0.001399,-0.999976,0.000000,-10.413013,0.000000,-1.530594,1.000000;;
  }

  Frame HorseTail2 {
   

   FrameTransformMatrix {
    0.663278,-0.052921,-0.746499,0.000000,0.077343,0.997003,-0.001959,0.000000,0.744365,-0.056437,0.665382,0.000000,3.651920,0.000000,0.000004,1.000000;;
   }

   Frame HorseTail3 {
    

    FrameTransformMatrix {
     0.931938,-0.070881,-0.355624,0.000000,0.084524,0.996157,0.022954,0.000000,0.352631,-0.051450,0.934348,0.000000,3.651922,0.000000,0.000000,1.000000;;
    }

    Frame HorseTail4 {
     

     FrameTransformMatrix {
      0.987129,-0.036752,-0.155636,0.000000,0.038642,0.999211,0.009136,0.000000,0.155177,-0.015032,0.987771,0.000000,3.651922,0.000000,0.000000,1.000000;;
     }

     Frame HorseTail5 {
      

      FrameTransformMatrix {
       0.998307,-0.012124,0.056906,0.000000,0.011886,0.999919,0.004502,0.000000,-0.056956,-0.003818,0.998370,0.000000,3.651917,0.000000,-0.000004,1.000000;;
      }

      Frame HorseTail6 {
       

       FrameTransformMatrix {
        0.958251,0.010772,0.285724,0.000000,-0.010777,0.999941,-0.001556,0.000000,-0.285723,-0.001588,0.958311,0.000000,3.651924,-0.000000,0.000004,1.000000;;
       }

       Frame HorseTail7 {
        

        FrameTransformMatrix {
         0.946361,0.018874,0.322561,0.000000,-0.018543,0.999820,-0.004098,0.000000,-0.322580,-0.002103,0.946540,0.000000,3.651920,-0.000000,0.000000,1.000000;;
        }
       }
      }
     }
    }
   }
  }
 }

 Frame objdefault {
  

  FrameTransformMatrix {
   0.000000,0.280297,0.000000,0.000000,-0.010370,0.000000,-0.280105,0.000000,-0.280105,0.000000,0.010370,0.000000,21.803280,0.037311,41.240322,1.000000;;
  }

  Frame {
   

   FrameTransformMatrix {
    1.000000,0.000000,0.000000,0.000000,-0.000000,1.000000,-0.000000,0.000000,0.000000,-0.000000,1.000000,0.000000,0.000000,30.669500,-4.735506,1.000000;;
   }

   Mesh  {
    674;
    -18.298342;71.208420;115.294746;,
    -17.032461;125.030434;107.905594;,
    -6.808603;118.693962;-42.883308;,
    -20.697090;124.629494;69.380356;,
    -8.095886;62.834335;-24.979666;,
    -20.606291;117.588036;-11.150934;,
    -13.660805;79.247597;129.102982;,
    -23.102913;48.101723;116.950829;,
    -24.728384;30.599344;107.007118;,
    15.656414;135.193817;-75.848816;,
    11.080332;111.599892;-70.911789;,
    12.606812;127.071236;-104.224174;,
    17.147930;103.928688;-89.662605;,
    -40.651226;77.097672;16.359119;,
    -40.657677;79.647049;48.352051;,
    -27.278730;119.310768;17.379311;,
    -26.295324;121.813927;49.276611;,
    -10.493414;89.652657;-49.859055;,
    -25.884430;91.152016;121.100357;,
    -36.483543;100.577797;66.948692;,
    -29.185247;86.106422;-14.820341;,
    -16.017826;77.749031;127.123672;,
    -21.930992;47.543732;111.750473;,
    12.593630;127.774696;-73.728065;,
    12.387314;120.234505;-100.011238;,
    -43.447052;92.502914;14.832531;,
    -41.725517;96.390602;48.116909;,
    19.148853;105.631065;-114.314270;,
    19.493568;93.972084;-99.110542;,
    16.840389;100.146385;-103.805565;,
    23.246765;104.828011;-119.009476;,
    -5.316334;61.470039;-41.671104;,
    1.401222;132.788895;-38.382973;,
    -9.391989;132.644073;105.684250;,
    -15.136549;73.965942;76.044662;,
    -8.126060;131.311935;-6.492714;,
    -12.332083;132.264603;69.264664;,
    20.403362;144.335342;-77.843658;,
    16.812241;102.454735;-69.891075;,
    21.019947;132.243637;-109.327271;,
    20.144760;99.657997;-86.814507;,
    -25.241720;63.170654;19.141006;,
    -28.488424;65.911980;50.996174;,
    -14.712777;130.535980;50.387955;,
    -12.087940;130.714493;19.872467;,
    23.440929;76.472130;-119.539169;,
    -23.342592;28.671930;100.224396;,
    23.222862;91.287788;-94.205162;,
    -8.536039;107.266151;-48.416969;,
    -24.120592;116.827599;108.765144;,
    -29.495377;114.881828;70.834686;,
    -29.818546;103.039513;-11.960043;,
    -7.297035;120.304665;121.112076;,
    -18.918282;109.364403;120.936035;,
    10.599119;119.927345;-72.687607;,
    12.453123;112.857582;-95.071274;,
    -38.475182;105.794289;15.560119;,
    -36.255173;111.326485;48.610580;,
    16.878239;104.046364;-108.761383;,
    23.569004;80.549835;-123.291504;,
    -31.288601;92.100914;112.041458;,
    -32.890030;73.382843;108.194122;,
    -35.430222;82.014565;78.387222;,
    -35.837143;97.395157;78.450317;,
    -30.028191;107.808739;82.849991;,
    -29.000118;107.805397;108.331108;,
    -19.299664;52.741386;94.497566;,
    -16.378326;57.641418;85.124214;,
    -34.559441;60.244888;84.040398;,
    -33.515816;54.212379;93.249901;,
    -22.707369;33.115829;84.788635;,
    -19.546265;33.896187;77.198723;,
    -28.168129;34.267387;75.039719;,
    -29.217030;33.224716;82.944786;,
    -27.869537;-8.668135;60.371193;,
    -26.040085;-7.023600;55.306145;,
    -30.985596;-6.084356;53.212334;,
    -32.454807;-7.927082;58.665085;,
    -27.662247;-17.673223;53.911633;,
    -26.321228;-16.470600;48.547333;,
    -33.513023;-15.484537;46.612709;,
    -34.191612;-16.648048;52.303200;,
    -27.987795;-23.153824;53.116852;,
    -28.750385;-22.732618;46.566132;,
    -35.217796;-22.025238;44.252739;,
    -35.750778;-22.214371;50.895893;,
    -19.744125;63.498726;-37.588005;,
    -18.795071;83.073662;-43.420967;,
    -14.435244;101.190926;-44.851700;,
    -26.197525;84.658943;-23.698862;,
    -24.143139;66.127975;-25.345259;,
    -20.638119;33.193382;-12.728247;,
    -22.156336;35.059555;-11.846857;,
    -11.947904;33.348297;-20.956297;,
    -12.588237;32.097168;-22.906221;,
    -26.432411;4.715773;3.589928;,
    -27.592493;5.401705;6.904240;,
    -21.357811;4.470148;1.648682;,
    -21.374908;4.049746;-1.304907;,
    -29.842308;-8.245295;7.278074;,
    -31.661198;-5.096302;12.891032;,
    -21.207115;-6.810284;7.784601;,
    -22.514782;-8.886972;3.581097;,
    -31.478676;-14.365612;12.286186;,
    -32.771317;-10.013903;18.013710;,
    -22.418192;-11.998245;13.456732;,
    -23.386442;-15.535290;8.162704;,
    -10.655302;122.569954;-27.118013;,
    -25.586555;64.400421;-31.391119;,
    -23.977386;83.014366;-34.012665;,
    -2.589561;132.246918;-24.020155;,
    -21.466284;100.919884;-33.621902;,
    -0.360586;60.910217;-37.654716;,
    -22.826141;34.178040;-11.145517;,
    -9.806837;32.241440;-24.934019;,
    -28.100613;5.080832;5.684917;,
    -20.316923;4.026896;-0.867842;,
    -31.318211;-6.617283;10.647065;,
    -21.386341;-7.986771;5.644325;,
    -32.643848;-12.254646;15.431211;,
    -22.427620;-13.971954;10.668987;,
    -17.246660;128.275665;91.042679;,
    -34.078030;91.401550;95.512077;,
    -11.325899;66.300041;95.801796;,
    -8.943232;135.669525;90.632881;,
    -20.757504;120.188789;91.414803;,
    -36.504864;78.377319;93.412766;,
    -29.042833;110.079033;93.944603;,
    -15.723668;55.151970;88.658401;,
    -35.134773;57.557129;87.366821;,
    -20.361301;33.888885;80.409637;,
    -29.301970;34.110344;78.024460;,
    -26.131226;-7.742199;58.420128;,
    -32.720463;-6.682735;55.829338;,
    -26.209568;-17.047764;51.152313;,
    -34.259441;-15.960483;49.124771;,
    -27.660334;-23.289410;49.349472;,
    -35.451145;-22.475315;46.935284;,
    -26.499821;70.904968;114.480560;,
    -22.535456;59.767563;80.238266;,
    -27.058130;50.522926;97.443283;,
    -23.915199;34.612724;73.401787;,
    -27.727713;32.289452;87.105705;,
    -27.795403;-6.400391;53.235474;,
    -29.929668;-8.763252;60.787300;,
    -30.122475;-17.786562;54.063141;,
    -32.414047;-22.167152;44.046997;,
    -30.869900;-22.866369;53.196751;,
    -30.266266;-23.325569;47.907280;,
    -32.726112;82.452042;73.738708;,
    -29.567554;-16.134232;45.689796;,
    5.450893;128.644669;-56.926384;,
    1.051338;102.758858;-58.682465;,
    1.512289;120.435051;-57.367371;,
    12.629068;137.710007;-56.902138;,
    -0.249500;111.083351;-58.664543;,
    -17.217285;34.870369;-14.993242;,
    -16.703308;31.682226;-20.339254;,
    -25.165693;5.298182;6.540913;,
    -23.981531;4.187407;-0.079662;,
    -26.865591;-4.628492;15.158889;,
    -26.158121;-9.855894;1.552649;,
    -28.336174;-9.084528;19.898230;,
    -27.413717;-17.006851;5.540941;,
    -27.717846;-12.701321;16.478325;,
    -12.918564;62.846245;-42.878304;,
    -18.934345;66.050308;-21.221968;,
    -9.387637;66.048347;-47.119125;,
    -33.280376;80.894859;66.006973;,
    -18.478064;71.587997;-14.420511;,
    19.968632;87.116554;-121.662750;,
    18.725677;83.827110;-119.705063;,
    18.604946;81.034286;-117.094650;,
    18.063808;79.522751;-113.662888;,
    23.680283;75.367241;-111.158279;,
    23.947014;84.462654;-125.226898;,
    13.674452;112.795967;-81.015663;,
    13.221327;131.254837;-88.585228;,
    18.040222;105.595589;-79.074585;,
    25.744144;147.950912;-95.923820;,
    11.171406;123.673134;-85.353416;,
    17.561970;144.125275;-91.715828;,
    15.181423;141.586319;-92.880928;,
    14.147257;139.367767;-94.019455;,
    15.183020;136.685272;-95.447220;,
    16.542606;137.228394;-98.247536;,
    19.783638;141.075287;-99.169243;,
    20.867565;145.314774;-97.096375;,
    20.857708;145.886292;-93.503235;,
    17.205578;142.490738;-92.990181;,
    15.358982;137.945541;-96.037666;,
    16.663300;138.191910;-97.971085;,
    20.083282;142.278854;-97.946152;,
    20.582588;142.481461;-93.891098;,
    9.274807;157.455582;-97.932983;,
    10.218800;150.646896;-95.828499;,
    12.183840;145.699097;-95.168976;,
    12.585665;145.771057;-96.341248;,
    11.005802;150.530823;-96.922089;,
    10.241543;157.178116;-98.838608;,
    11.939075;161.807220;-100.833473;,
    14.798063;156.508911;-101.600693;,
    16.623039;150.499130;-101.391663;,
    16.650093;141.596741;-99.221130;,
    17.073719;140.803986;-100.267403;,
    17.272224;150.365891;-102.333183;,
    15.488924;157.125839;-102.147484;,
    12.181515;163.799332;-100.918678;,
    -12.094315;96.829430;127.644104;,
    -8.957739;102.127342;128.842911;,
    -13.711657;110.629112;-39.073982;,
    -17.125509;112.743324;-30.573118;,
    -23.712135;108.911308;-21.382158;,
    -26.376678;100.368309;-20.690939;,
    -1.435719;67.902786;-48.820587;,
    4.520472;93.300690;-56.353996;,
    -15.879041;88.134071;124.833084;,
    -20.654642;72.166977;68.164345;,
    -11.287715;62.588951;-16.056936;,
    -1.117585;64.016754;-42.280518;,
    -12.701136;76.856697;125.837334;,
    -12.444740;71.567215;115.100685;,
    -13.169629;71.716484;70.946442;,
    2.554253;59.667168;-29.096125;,
    -3.882277;134.365784;69.468483;,
    25.527279;99.472923;-86.607086;,
    -20.495171;63.128319;52.306366;,
    19.176643;139.449875;-55.405075;,
    -1.467413;122.705009;121.138481;,
    2.975760;132.827667;-3.547001;,
    12.402853;134.320389;-34.494484;,
    7.698765;133.543228;-20.749075;,
    -3.193778;137.931046;90.269775;,
    25.767994;91.219376;-94.128494;,
    27.361786;132.809052;-109.942902;,
    -4.711299;131.641434;50.939186;,
    5.510475;60.231041;-40.235352;,
    26.813992;104.790138;-118.967239;,
    25.924446;75.311646;-111.095886;,
    -4.490977;105.654213;129.560669;,
    26.654102;84.427437;-125.187469;,
    10.108652;90.457024;-56.005608;,
    -11.359305;72.424751;75.805756;,
    -2.290612;59.353584;-17.676367;,
    4.449297;64.593140;-43.103432;,
    12.490385;70.565742;108.557800;,
    20.988087;73.674660;96.972504;,
    23.466465;87.225548;100.219780;,
    17.644947;88.227097;114.896912;,
    25.465809;57.449883;-28.057058;,
    28.193027;57.730713;-33.210037;,
    28.152985;75.573822;-26.652178;,
    24.810532;73.237671;-15.619711;,
    4.666435;71.269615;57.772400;,
    6.026852;64.929619;28.146544;,
    14.856331;77.840691;29.777878;,
    12.559465;86.736031;59.353783;,
    13.302614;124.021416;109.583672;,
    4.744595;132.173416;106.484352;,
    3.130390;120.054512;121.519157;,
    25.022457;111.931404;-32.592812;,
    25.470966;101.664803;-37.592537;,
    30.724758;115.867455;-49.905251;,
    29.480137;125.350807;-50.713829;,
    33.415424;109.513069;-68.319756;,
    24.598423;101.908379;-68.719109;,
    31.014156;104.891838;-78.283981;,
    36.905125;111.819633;-79.694160;,
    41.446529;126.459618;-103.150803;,
    41.073017;119.681496;-99.074768;,
    36.434956;103.782417;-108.464844;,
    34.381756;105.446266;-114.106613;,
    34.896675;103.494881;-89.175209;,
    30.824436;99.297577;-86.409599;,
    28.300716;91.152351;-94.053032;,
    33.027653;93.738380;-98.847984;,
    11.305500;63.116203;-12.691702;,
    20.759666;73.004539;-5.067389;,
    10.754217;116.533485;55.130669;,
    11.607155;122.209923;72.505959;,
    18.542400;110.903526;76.209755;,
    14.077217;102.966194;58.439613;,
    10.046118;75.877899;71.029068;,
    -6.451220;70.939835;69.087555;,
    -11.481833;62.763474;54.170208;,
    13.219353;110.461693;26.731697;,
    18.729935;107.535011;0.263546;,
    12.363686;126.245369;-1.187868;,
    6.170086;127.127052;23.034277;,
    12.516550;127.074623;93.009422;,
    16.871983;118.864281;93.703346;,
    25.920071;95.148239;-32.244965;,
    24.855541;102.516090;-25.738455;,
    23.990517;103.130562;-17.311735;,
    26.416229;90.863098;-19.825022;,
    15.845325;93.110016;29.773129;,
    11.049772;107.935463;122.109344;,
    -2.115054;101.962044;128.994629;,
    -2.202555;96.214539;127.920792;,
    -9.196180;77.296890;127.092728;,
    -10.312201;79.002121;129.149521;,
    -17.021582;48.075119;117.076767;,
    -14.830050;47.693359;111.715973;,
    -18.701097;30.941099;107.662811;,
    -16.075480;29.282267;100.999619;,
    22.567154;86.769791;-41.540833;,
    17.305233;65.959198;-46.585381;,
    24.812309;99.193703;-52.816399;,
    29.465923;106.404381;-51.362144;,
    36.535835;118.089592;-69.693741;,
    40.730309;122.725716;-83.400017;,
    40.360794;112.245735;-94.289940;,
    36.199474;99.876228;-103.502060;,
    21.914219;89.520790;2.266796;,
    19.059116;94.375885;74.881348;,
    29.268963;76.370872;-119.425385;,
    34.237263;80.788345;-116.818329;,
    34.434486;79.215332;-113.317490;,
    28.158138;75.257202;-111.034653;,
    20.403240;114.799934;-17.459349;,
    16.445858;127.373344;-18.233820;,
    4.016136;-21.601929;-37.645309;,
    8.547617;-24.152069;-41.104126;,
    11.420517;-19.823692;-38.671326;,
    2.990993;-19.838570;-35.444664;,
    3.030582;135.100800;91.511772;,
    -12.398426;59.525360;22.193951;,
    4.378109;128.525009;52.458031;,
    22.109840;128.193924;-32.091988;,
    25.340187;136.387299;-53.761169;,
    33.630985;132.000916;-108.856567;,
    30.386147;104.751625;-118.923599;,
    12.079548;58.497276;-30.078341;,
    6.035393;57.579063;-17.345911;,
    4.395929;131.056091;70.729477;,
    29.354939;84.392868;-125.148514;,
    33.294353;86.944054;-121.468964;,
    34.351063;83.605522;-119.456055;,
    29.529861;80.464622;-123.195755;,
    -2.536177;135.162903;105.265045;,
    -11.923001;78.878937;130.036407;,
    -20.231716;48.295570;117.648720;,
    -7.051817;73.736748;76.038536;,
    -14.326256;70.604393;68.084969;,
    23.389210;92.292328;85.235451;,
    22.473469;104.588799;87.678123;,
    23.864117;107.387230;97.964378;,
    26.340721;79.512619;-35.898438;,
    9.172443;88.377579;122.018585;,
    19.896950;114.763481;111.602486;,
    35.152180;126.651817;-70.439751;,
    39.351284;130.733047;-86.480049;,
    2.548569;69.874435;113.275757;,
    -9.890668;-17.303707;71.014328;,
    -9.915861;-19.248457;68.085876;,
    -6.208105;-19.247379;69.766632;,
    -6.430377;-16.520535;73.239548;,
    22.315628;104.633720;112.103462;,
    -6.441235;71.133675;114.317123;,
    -8.377123;66.521042;95.337387;,
    -3.660736;56.112183;86.711052;,
    -2.926956;54.055656;92.275551;,
    15.629490;78.130188;78.025314;,
    8.364220;59.325821;78.052635;,
    -1.131475;58.426819;82.917709;,
    19.676769;76.967903;83.252541;,
    16.323849;53.730721;89.212502;,
    17.404594;55.913315;85.971741;,
    3.103157;51.514671;95.674873;,
    12.011219;52.291840;93.823647;,
    -3.221523;34.813210;80.305702;,
    -3.497210;34.545273;84.990303;,
    5.020199;34.182884;73.762207;,
    -3.014174;34.346870;77.185005;,
    7.969389;34.048027;79.857368;,
    8.598789;33.556671;76.881424;,
    -0.133976;33.747627;88.403519;,
    4.341772;34.146980;84.607933;,
    -8.287849;-6.929409;74.454376;,
    -8.255860;-8.350613;76.592728;,
    -3.505242;-5.730745;71.986198;,
    -6.335009;-5.772667;72.226959;,
    -1.049847;-8.501757;76.688057;,
    -0.683517;-6.816328;73.914337;,
    -6.940289;-9.220236;78.337341;,
    -3.434536;-9.545511;78.607079;,
    -7.374181;-12.664002;67.321114;,
    -7.114095;-12.456276;69.893417;,
    -2.949810;-15.005784;65.260239;,
    -6.680367;-13.456703;65.512238;,
    1.331413;-13.761975;69.244011;,
    1.020111;-14.709865;67.303856;,
    -4.734181;-12.621249;71.304611;,
    -0.038149;-13.162916;71.431313;,
    -6.640123;-22.434937;65.087822;,
    -9.732854;-21.055965;65.251480;,
    -1.133692;-20.086134;71.060249;,
    -2.538892;-22.104485;67.907188;,
    -1.117124;-17.735939;73.722412;,
    23.549110;87.756340;-6.879356;,
    19.485600;57.266762;-25.336992;,
    25.264999;60.666443;-39.890076;,
    22.766052;24.554174;-44.494934;,
    21.759533;24.849157;-47.486931;,
    17.490463;27.111300;-39.703232;,
    21.597912;25.349043;-41.521111;,
    11.201706;60.373383;-41.968575;,
    16.543034;27.703123;-51.535042;,
    16.015739;27.888712;-45.652481;,
    14.126919;61.435608;-44.939980;,
    20.209949;62.329002;-44.847687;,
    19.608269;25.278543;-50.589211;,
    17.493549;26.763296;-50.823631;,
    16.021706;-3.923058;-46.159874;,
    14.978765;-4.190439;-48.119957;,
    10.557444;-2.297232;-37.896782;,
    14.612061;-3.161303;-43.163742;,
    7.869164;-2.352604;-42.004242;,
    8.107567;-2.083418;-39.891159;,
    12.833611;-3.971874;-48.589439;,
    9.876816;-2.995584;-45.599724;,
    16.663055;-14.951167;-43.257286;,
    15.132092;-16.379574;-44.883102;,
    11.408808;-11.671999;-38.455193;,
    16.745514;-13.443133;-41.394295;,
    4.760555;-13.826980;-39.284340;,
    4.066019;-12.529289;-36.829956;,
    10.607647;-17.292809;-45.281578;,
    6.447544;-15.192985;-42.095329;,
    16.137447;-20.466640;-39.031792;,
    14.498180;-22.491716;-40.501915;,
    12.176517;-15.639879;-35.348679;,
    16.415382;-17.960396;-37.064629;,
    2.940990;-17.838886;-33.204956;,
    23.567768;97.214920;-7.222973;,
    -3.190211;87.380104;124.734352;,
    32.364239;134.808441;-72.898628;,
    15.870495;92.153099;-53.339897;,
    29.033314;144.142212;-76.376526;,
    9.998184;68.024254;-48.301643;,
    36.777760;141.942245;-91.274490;,
    38.659092;137.402908;-94.412262;,
    37.576584;137.727173;-96.608017;,
    33.426315;142.199738;-92.781853;,
    34.559277;141.894867;-96.911392;,
    38.764545;140.865311;-90.868484;,
    36.398365;143.533096;-89.936455;,
    39.781139;138.636215;-92.032837;,
    38.645733;136.197220;-93.814690;,
    37.636463;136.792313;-96.917328;,
    34.856113;140.700760;-98.166245;,
    29.577900;147.801498;-95.602310;,
    34.143463;144.861908;-96.066414;,
    33.645905;145.463837;-92.348091;,
    49.209141;154.001709;-93.911201;,
    46.067928;148.262863;-92.602539;,
    45.392136;148.319031;-93.924774;,
    48.198277;154.045334;-95.137070;,
    42.921833;144.174973;-92.638496;,
    42.692715;144.298843;-93.946602;,
    37.692509;140.194229;-99.016403;,
    39.566624;149.143143;-100.711800;,
    40.146770;149.183853;-99.639755;,
    38.177860;140.920837;-97.787773;,
    43.257427;155.051987;-99.673996;,
    43.700619;154.372513;-99.038750;,
    48.835056;160.197861;-96.873146;,
    48.365406;158.402542;-97.009003;,
    -8.340595;91.794182;126.824997;,
    9.983009;64.096764;-43.850052;,
    27.668697;147.999313;-95.766731;,
    25.035057;145.877823;-78.338646;,
    24.602177;105.235130;-78.670433;,
    26.362137;76.420677;-119.481491;,
    -20.913490;26.947798;102.542389;,
    -18.756260;60.745041;20.404728;,
    -2.230810;131.294693;20.835827;,
    -9.642822;86.988724;124.246422;,
    26.554504;80.506645;-123.243149;,
    20.667492;100.648323;-69.713524;,
    4.382109;70.773918;-49.139206;,
    -9.869905;66.415123;95.569931;,
    -22.010448;31.223356;108.431664;,
    -17.461843;48.795471;109.932205;,
    -19.017010;28.556437;98.320816;,
    9.812086;129.290787;-25.049829;,
    21.416275;137.041840;-60.111053;,
    29.799812;136.663116;-97.972610;,
    9.465832;138.304962;-22.296556;,
    23.215343;154.770584;-58.108772;,
    27.437717;158.655136;-80.856712;,
    28.928429;158.506104;-95.793098;,
    28.315601;147.209091;-112.401276;,
    6.527065;130.376007;-26.352789;,
    17.826679;137.272400;-61.041252;,
    23.604210;136.704224;-98.371986;,
    -15.136549;73.965942;76.044662;,
    -36.504864;78.377319;93.412766;,
    -32.890030;73.382843;108.194122;,
    -26.499821;70.904968;114.480560;,
    -27.987795;-23.153824;53.116852;,
    -27.660334;-23.289410;49.349472;,
    -30.869900;-22.866369;53.196751;,
    -25.586555;64.400421;-31.391119;,
    -18.934345;66.050308;-21.221968;,
    -24.143139;66.127975;-25.345259;,
    -8.095886;62.834335;-24.979666;,
    -22.427620;-13.971954;10.668987;,
    -27.413717;-17.006851;5.540941;,
    -23.386442;-15.535290;8.162704;,
    -19.744125;63.498726;-37.588005;,
    -32.771317;-10.013903;18.013710;,
    -28.336174;-9.084528;19.898230;,
    -32.643848;-12.254646;15.431211;,
    -0.360586;60.910217;-37.654716;,
    -0.360586;60.910217;-37.654716;,
    -9.806837;32.241440;-24.934019;,
    -20.316923;4.026896;-0.867842;,
    -21.386341;-7.986771;5.644325;,
    -22.427620;-13.971954;10.668987;,
    -35.430222;82.014565;78.387222;,
    -28.750385;-22.732618;46.566132;,
    -32.414047;-22.167152;44.046997;,
    -11.325899;66.300041;95.801796;,
    -15.723668;55.151970;88.658401;,
    -20.361301;33.888885;80.409637;,
    -26.131226;-7.742199;58.420128;,
    -26.209568;-17.047764;51.152313;,
    -27.660334;-23.289410;49.349472;,
    -35.451145;-22.475315;46.935284;,
    -35.750778;-22.214371;50.895893;,
    -35.217796;-22.025238;44.252739;,
    -32.726112;82.452042;73.738708;,
    -18.298342;71.208420;115.294746;,
    12.593630;127.774696;-73.728065;,
    16.812241;102.454735;-69.891075;,
    11.080332;111.599892;-70.911789;,
    10.599119;119.927345;-72.687607;,
    -31.478676;-14.365612;12.286186;,
    -22.418192;-11.998245;13.456732;,
    -12.918564;62.846245;-42.878304;,
    -5.316334;61.470039;-41.671104;,
    20.582588;142.481461;-93.891098;,
    16.663300;138.191910;-97.971085;,
    15.656414;135.193817;-75.848816;,
    20.403362;144.335342;-77.843658;,
    15.183020;136.685272;-95.447220;,
    16.542606;137.228394;-98.247536;,
    11.939075;161.807220;-100.833473;,
    17.561970;144.125275;-91.715828;,
    15.181423;141.586319;-92.880928;,
    14.147257;139.367767;-94.019455;,
    16.542606;137.228394;-98.247536;,
    19.783638;141.075287;-99.169243;,
    20.867565;145.314774;-97.096375;,
    20.857708;145.886292;-93.503235;,
    -12.094315;96.829430;127.644104;,
    -8.957739;102.127342;128.842911;,
    -23.342592;28.671930;100.224396;,
    -0.360586;60.910217;-37.654716;,
    5.510475;60.231041;-40.235352;,
    -11.325899;66.300041;95.801796;,
    -8.340595;91.794182;126.824997;,
    -19.017010;28.556437;98.320816;,
    -4.490977;105.654213;129.560669;,
    20.667492;100.648323;-69.713524;,
    -11.325899;66.300041;95.801796;,
    -9.869905;66.415123;95.569931;,
    25.035057;145.877823;-78.338646;,
    -13.169629;71.716484;70.946442;,
    -14.326256;70.604393;68.084969;,
    -7.051817;73.736748;76.038536;,
    20.988087;73.674660;96.972504;,
    12.490385;70.565742;108.557800;,
    2.548569;69.874435;113.275757;,
    -9.890668;-17.303707;71.014328;,
    -9.915861;-19.248457;68.085876;,
    -6.430377;-16.520535;73.239548;,
    28.193027;57.730713;-33.210037;,
    19.485600;57.266762;-25.336992;,
    25.465809;57.449883;-28.057058;,
    12.079548;58.497276;-30.078341;,
    2.990993;-19.838570;-35.444664;,
    8.547617;-24.152069;-41.104126;,
    4.016136;-21.601929;-37.645309;,
    25.264999;60.666443;-39.890076;,
    16.415382;-17.960396;-37.064629;,
    16.137447;-20.466640;-39.031792;,
    12.176517;-15.639879;-35.348679;,
    11.201706;60.373383;-41.968575;,
    2.554253;59.667168;-29.096125;,
    5.510475;60.231041;-40.235352;,
    11.201706;60.373383;-41.968575;,
    16.543034;27.703123;-51.535042;,
    7.869164;-2.352604;-42.004242;,
    4.760555;-13.826980;-39.284340;,
    2.990993;-19.838570;-35.444664;,
    19.676769;76.967903;83.252541;,
    -9.732854;-21.055965;65.251480;,
    -6.640123;-22.434937;65.087822;,
    -8.377123;66.521042;95.337387;,
    -3.660736;56.112183;86.711052;,
    -3.221523;34.813210;80.305702;,
    -8.287849;-6.929409;74.454376;,
    -7.374181;-12.664002;67.321114;,
    -9.915861;-19.248457;68.085876;,
    -1.133692;-20.086134;71.060249;,
    -1.117124;-17.735939;73.722412;,
    -2.538892;-22.104485;67.907188;,
    15.629490;78.130188;78.025314;,
    -6.441235;71.133675;114.317123;,
    35.152180;126.651817;-70.439751;,
    24.598423;101.908379;-68.719109;,
    33.415424;109.513069;-68.319756;,
    36.535835;118.089592;-69.693741;,
    14.498180;-22.491716;-40.501915;,
    2.940990;-17.838886;-33.204956;,
    20.209949;62.329002;-44.847687;,
    14.126919;61.435608;-44.939980;,
    33.426315;142.199738;-92.781853;,
    37.576584;137.727173;-96.608017;,
    32.364239;134.808441;-72.898628;,
    29.033314;144.142212;-76.376526;,
    38.645733;136.197220;-93.814690;,
    37.636463;136.792313;-96.917328;,
    48.365406;158.402542;-97.009003;,
    36.398365;143.533096;-89.936455;,
    38.764545;140.865311;-90.868484;,
    39.781139;138.636215;-92.032837;,
    37.636463;136.792313;-96.917328;,
    34.856113;140.700760;-98.166245;,
    34.143463;144.861908;-96.066414;,
    33.645905;145.463837;-92.348091;,
    -8.340595;91.794182;126.824997;,
    -2.202555;96.214539;127.920792;,
    -12.701136;76.856697;125.837334;,
    -2.115054;101.962044;128.994629;,
    -11.359305;72.424751;75.805756;,
    25.035057;145.877823;-78.338646;,
    27.668697;147.999313;-95.766731;,
    -2.290612;59.353584;-17.676367;,
    24.602177;105.235130;-78.670433;,
    25.527279;99.472923;-86.607086;,
    26.362137;76.420677;-119.481491;,
    25.924446;75.311646;-111.095886;,
    -16.075480;29.282267;100.999619;,
    -20.495171;63.128319;52.306366;,
    -18.756260;60.745041;20.404728;,
    -9.642822;86.988724;124.246422;,
    -12.444740;71.567215;115.100685;,
    26.554504;80.506645;-123.243149;,
    20.667492;100.648323;-69.713524;,
    10.108652;90.457024;-56.005608;,
    4.382109;70.773918;-49.139206;,
    11.201706;60.373383;-41.968575;,
    4.449297;64.593140;-43.103432;,
    5.510475;60.231041;-40.235352;,
    -8.377123;66.521042;95.337387;,
    -9.869905;66.415123;95.569931;,
    -8.340595;91.794182;126.824997;,
    -17.461843;48.795471;109.932205;,
    -19.017010;28.556437;98.320816;,
